           1   126.082298       56.8643646       21.8584652      -37.9957848    
           2   85.8468552       59.2830429       23.3113804      -40.0523643    
           3   105.556953       40.8224792       16.9549351      -27.1431408    
           4   55.5262184       53.0993538       23.1637497      -35.9189529    
           5   55.4170532       36.9993744       16.4776115      -24.6553154    
           6   95.4155045       46.2686234       21.8464661      -31.1293297    
           7   75.5496140       33.1772766       15.7221880      -22.2125664    
           8   75.2285309       32.9652519       16.4615631      -22.0008926    
           9   115.866821       43.1022263       21.5313263      -28.7998734    
          10   106.187080       43.1022224       21.5311661      -28.8000698    
          11   60.9673996       43.1022263       21.5311661      -28.8000698    
          12   102.025787       43.1022224       21.5311661      -28.8000698    
          13   92.1546478       43.0686531       21.5143623      -28.7774887    
          14   112.585228       42.7519531       22.4002838      -28.5658798    
          15   102.943596       42.8254318       22.4387856      -28.6149940    
          16   97.8796158       42.4900284       23.3211327      -28.3908863    
          17   119.037788       42.4503860       23.2993736      -28.3643932    
          18   119.351143       42.4501953       23.2991638      -28.3643951    
          19   109.370850       42.4501953       23.2991142      -28.3642006    
          20   104.444519       42.4503860       23.2993240      -28.3642006    
          21   120.660530       42.4424591       23.2950401      -28.3591728    
          22   89.2681351       42.0839233       24.1908417      -28.1196079    
          23   116.140190       42.1006088       24.2003746      -28.1305370    
          24   100.243553       41.7184143       25.1117439      -27.8751659    
          25   121.737785       41.7096748       25.1065216      -27.8694649    
          26   122.180351       41.7096748       25.1065216      -27.8694668    
          27   117.251640       41.6728134       25.0843658      -27.8449554    
          28   122.536804       41.2674446       26.0093155      -27.5740967    
          29   58.7262115       41.3442116       26.0576630      -27.6252747    
          30   108.961037       40.9151688       26.9977245      -27.3385983    
          31   139.275543       40.8751373       26.9713459      -27.3119717    
          32   87.4584045       40.8751373       26.9714947      -27.3117847    
          33   82.4174271       40.8753204       26.9716358      -27.3119717    
          34   101.707802       40.8753204       26.9716358      -27.3119717    
          35   100.869164       40.8751373       26.9715519      -27.3119717    
          36   146.397339       40.8751373       26.9715500      -27.3119717    
          37   159.467316       40.8751373       26.9714947      -27.3117847    
          38   100.203148       40.8751373       26.9713478      -27.3119698    
          39   149.775528       40.8753204       26.9714890      -27.3121567    
          40   149.223267       40.8753204       26.9717827      -27.3117847    
          41   157.456680       40.8751373       26.9716988      -27.3117847    
          42   145.758820       40.8751373       26.9714031      -27.3121567    
          43   115.748932       40.8751373       26.9712887      -27.3117847    
          44   152.018158       40.8751373       26.9712906      -27.3117828    
          45   181.526367       40.8473930       26.9529572      -27.2931671    
          46   87.9368057       40.4283562       27.8476295      -27.0131760    
          47   177.552444       40.5179214       27.9093952      -27.0732555    
          48   177.407745       40.5234489       27.9132118      -27.0769424    
          49   82.8724060       40.4213524       27.8428955      -27.0087528    
          50   166.950790       40.4184036       27.8410568      -27.0065422    
          51   104.994522       40.4560013       27.8670502      -27.0319729    
          52   129.076492       40.4558182       27.8671188      -27.0316067    
          53   168.151459       40.4558144       27.8671188      -27.0316048    
          54   48.0738182       40.4558182       27.8668251      -27.0319748    
          55   114.016052       40.4558144       27.8667107      -27.0316048    
          56   44.3717728       40.4560013       27.8669319      -27.0316048    
          57   122.013184       40.4560013       27.8670502      -27.0319729    
          58   144.314362       40.4558182       27.8668251      -27.0319748    
          59   193.693314       40.4558144       27.8667107      -27.0316048    
          60   206.780533       40.4558182       27.8667088      -27.0316048    
          61   130.560181       40.4558144       27.8668270      -27.0319729    
          62   99.0005798       40.4560013       27.8673420      -27.0316067    
          63   162.713730       40.4840126       27.8866634      -27.0504036    
          64   166.615662       40.4864082       27.8881226      -27.0522442    
          65   168.485703       40.4278030       27.8476639      -27.0128078    
          66   175.074387       40.4253159       27.8458023      -27.0113335    
          67   200.812195       40.4559097       27.8669395      -27.0319729    
          68   124.976440       24.1039619       16.5321045      -16.1959229    
          69   175.603027       11.4006586       7.58282232      -7.41121435    
          70   95.4133148       35.4958382       17.8829727      -23.8355293    
          71   65.2867584       29.4249363       15.3912849      -19.5530548    
          72   85.4808121       42.7852821       22.4177227      -28.5882931    
          73   65.9611664       42.7852821       22.4178810      -28.5880985    
          74   76.1107483       42.7852821       22.4179268      -28.5882931    
          75   86.5013580       42.7854767       22.4181328      -28.5882931    
          76   117.558517       42.7451324       22.3970566      -28.5615921    
          77   112.632172       42.4103584       23.2775249      -28.3379021    
          78   113.304794       42.4966049       23.3248138      -28.3953323    
          79   102.892014       42.1376114       24.2220421      -28.1554642    
          80   93.0252991       42.0915947       24.1956081      -28.1247845    
          81   119.334709       42.0915947       24.1956081      -28.1247864    
          82   103.994522       42.0917854       24.1956329      -28.1245937    
          83   73.0940399       42.0917854       24.1954803      -28.1247826    
          84   89.0856247       42.0825844       24.1902428      -28.1188393    
          85   94.3654404       41.7005539       25.1012230      -27.8635750    
          86   121.259430       41.7193604       25.1124859      -27.8759270    
          87   121.183495       41.3135414       26.0382690      -27.6047649    
          88   121.644470       41.3039474       26.0322247      -27.5983677    
          89   106.135155       41.3037567       26.0320053      -27.5983696    
          90   85.3671799       41.2634926       26.0065727      -27.5712738    
          91   122.423050       40.8352890       26.9450588      -27.2851582    
          92   86.4888992       40.9192657       27.0005074      -27.3413906    
          93   75.2134476       40.4994926       27.8970375      -27.0609074    
          94   111.846313       40.4558144       27.8669128      -27.0316048    
          95   118.508675       40.4560013       27.8669930      -27.0317879    
          96   114.934525       40.4560013       27.8669930      -27.0317898    
          97   157.579483       40.4558182       27.8669128      -27.0316029    
          98   162.458023       40.4558144       27.8669739      -27.0317898    
          99   152.877213       40.4558182       27.8669720      -27.0317898    
         100   121.297318       40.4558144       27.8669739      -27.0317898    
         101   154.521347       40.4560013       27.8671951      -27.0317898    
         102   128.561859       40.4560013       27.8671379      -27.0316048    
         103   177.396042       40.4558182       27.8667679      -27.0317879    
         104   35.0679131       40.4558144       27.8668270      -27.0319729    
         105   48.0975876       40.4558182       27.8671188      -27.0316067    
         106   113.045464       40.4558144       27.8671188      -27.0316048    
         107   33.4958344       40.4560013       27.8670502      -27.0319748    
         108   159.873032       40.4257774       27.8462067      -27.0117035    
         109   85.4634705       40.0584526       28.6208839      -26.7662640    
         110   204.413956       40.1552391       28.6900291      -26.8309097    
         111   159.922211       40.1609001       28.6938877      -26.8349266    
         112   156.932480       40.0511513       28.6153278      -26.7611504    
         113   133.626831       40.0480461       28.6132011      -26.7589588    
         114   64.0423126       40.0882225       28.6419659      -26.7859859    
         115   192.946732       40.0882187       28.6416779      -26.7863522    
         116   163.486298       40.0882225       28.6416779      -26.7863522    
         117   193.191742       40.0884018       28.6421928      -26.7859859    
         118   198.763245       40.0884018       28.6421928      -26.7859859    
         119   169.686050       40.0882187       28.6419659      -26.7859859    
         120   141.479050       40.0882225       28.6420860      -26.7863522    
         121   94.3744965       40.0882187       28.6420860      -26.7863522    
         122   193.489059       40.0882225       28.6419659      -26.7859859    
         123   163.306290       40.0884018       28.6421928      -26.7859859    
         124   181.660675       40.0884018       28.6421928      -26.7859859    
         125   133.717102       40.0882187       28.6416779      -26.7863522    
         126   210.321320       40.1185341       28.6632805      -26.8064404    
         127   171.880905       40.1211815       28.6654167      -26.8079014    
         128   180.011215       40.0579987       28.6203442      -26.7658997    
         129   200.953064       40.0553513       28.6184959      -26.7640743    
         130   200.484436       44.9869766       32.1762238      -30.1629238    
         131   218.810333       21.4534607       15.4437046      -14.3348503    
         132   186.642868       3.27298403       2.34726906      -2.06795025    
         133   178.297806       21.0661354       15.4138393      -14.0760469    
         134   194.120667       40.8821831       30.1357841      -27.4048615    
         135   107.006401       39.7406616       29.2650604      -26.5536289    
         136   114.980171       39.4831848       29.7878056      -26.3815899    
         137   105.077248       39.5555534       29.8424911      -26.4301949    
         138   198.852081       39.3526497       30.2399731      -26.2946205    
         139   122.946747       39.3153114       30.2113628      -26.2699051    
         140   130.324203       39.1572723       30.5029011      -26.1643066    
         141   151.707947       39.1572723       30.5027752      -26.1639500    
         142   188.688766       38.9776649       30.8190689      -26.0439415    
         143   188.641190       38.9778442       30.8191662      -26.0439415    
         144   210.202530       38.7507019       31.2108898      -25.8921719    
         145   200.259277       38.7507019       31.2108879      -25.8921719    
         146   211.340561       38.4756165       31.6785812      -25.7083664    
         147   162.551514       38.4754410       31.6784821      -25.7083664    
         148   139.438431       38.1526222       32.2221413      -25.4926662    
         149   223.883362       38.1527939       32.2223129      -25.4928398    
         150   217.940155       37.7841759       32.8390160      -25.2465363    
         151   216.307327       37.7198029       32.7831306      -25.2036781    
         152   186.479752       37.3563042       33.3874245      -24.9607944    
         153   164.822327       37.5398865       33.5514565      -25.0833549    
